////////////////////////////////////////////////////////////////////////////////////////////////////
// ECE 2504 Design Project 4: Instruction memory values
//
// This text file contains the memory contents of the instruction memory in hex. The memory is 16
// bits wide, which is 4 hex digits per address.
//
// MODIFY THE CONTENTS of this file to use the hex values for the instructions in your program.
//
//  "@<number>" specifies the memory location of the next line of data. Subsequent lines are in
// consecutive locations.
////////////////////////////////////////////////////////////////////////////////////////////////////
@0
9803
1c00
1c00
0200
1c00
e000
1400
2040
9802
2080
0200
20c0
0200
2100
0200
2140
8407
1c00
8407
0200
0200
2180
0200
21c0
9800
c000
9805
1c00
1c00
9846
1c41
1c41
0248
1c41
1c41
1c41
1c41
0248
1c41
1c41
0248
1c41
1c41
1c41
0248
1c41
0248
4001
9901
2120
9940
2168
99c4
1dc7
1dc7
05bd
05fe
9845
1c41
1c41
1c41
1c41
9802
4005
9803
4006
9804
4007
9805
4004
e008
9802
2140
9803
2180
9804
21c0
9805
2100
e008
2068
20b0
00c8
9800
c002
00d0
9944
1d45
0368
9980
17b0
9803
1600
1d86
1d86
1d86
1d86
17b0
1133
0b2c
17b0
1d45
1d45
1d45
1d45
c265
0200
c382
14da
c09d
9945
1d45
1d45
0368
1d45
1d45
0368
e028
9840
1648
400d
9883
1c82
1c82
1c82
0290
1c82
1c82
1c82
e010
9980
17b0
1d86
1d86
1d86
1d86
9804
1600
99c4
17f8
0bf8
17b0
1131
1172
04e5
111e
9944
1d45
0368
1d45
1d45
1d45
1d45
03f8
c3fb
0b65
c2a8
17b0
1d86
03b0
1d86
03b0
1d86
03b0
1d86
03b0
17b0
1166
0495
17b0
9940
c06e
99c4
17f8
0bf8
9946
1d45
1d45
1d45
1d45
03f8
c3fb
0525
99c0
c13d
0200
c203
9900
c061
9907
1d04
0320
1d04
1d04
1d04
1d04
e020
99c4
21f8
403b
9884
1c82
1c82
0290
1c82
0290
1c82
0290
9846
1c41
0248
1c41
1c41
0248
1c41
0248
1c41
e010
0368
03b0
03f8
0d20
c065
9887
1c82
0290
1c82
0290
1c82
9845
1c41
1c41
1c41
1c41
e010
9806
e000
0000
0000
0000
9904
1d04
1d04
0320
1d04
1d04
0320
1d04
e020
0000
0000
0000
0000
0000
0000
0000
0000
0000
0000
0000
0000
0000
0000
0000
0000
0000
0000
0000
0000
0000
0000
0000
0000
0000
0000
0000
0000
0000
0000
0000
0000
0000
0000
0000
0000
0000
0000
0000
0000
0000
0000
0000
0000
0000
0000
0000
0000
0000
0000
0000
0000
0000
0000
0000
0000
0000
0000
0000
0000
0000
0000
0000
0000
0000
0000
0000
0000
0000
0000
0000
0000
0000
0000
0000
0000
0000
0000
0000
0000
0000
0000
0000
0000
0000
0000
0000
0000
0000
0000
0000
0000
0000
0000
0000
0000
0000
0000
0000
0000
0000
0000
0000
0000
0000
0000
0000
0000
0000
0000
0000
0000
0000
0000
0000
0000
0000
0000
0000
0000
0000
0000
0000
0000
0000
0000
0000
0000
0000
0000
0000
0000
0000
0000
0000
0000
0000
0000
0000
0000
0000
0000
0000
0000
0000
0000
0000
0000
0000
0000
0000
0000
0000
0000
0000
0000
0000
0000
0000
0000
0000
0000
0000
0000
0000
0000
0000
0000
0000
0000
0000
0000
0000
0000
0000
0000
0000
0000
0000
0000
0000
0000
0000
0000
0000
0000
0000
0000
0000
0000
0000
0000
0000
0000
0000
0000
0000
0000
0000
0000
0000
0000
0000
0000
0000
0000
0000
0000
0000
0000
0000
0000
0000
0000
0000
0000
0000
0000
0000
0000
0000
0000
0000
0000
0000
0000
0000
0000
0000
0000
0000
0000
0000
0000
0000
0000
0000
0000
0000
0000
0000
0000
0000
0000
0000
0000
0000
0000
0000
0000
0000
0000
0000
0000
0000
0000
0000
0000
0000
0000
0000
0000
0000
0000
0000
0000
0000
0000
0000
0000
0000
0000
0000
0000
0000
0000
0000
0000
0000
0000
0000
0000
0000
0000
0000
0000
0000
0000
0000
0000
0000
0000
0000
0000
0000
0000
0000
0000
0000
0000
0000
0000
0000
0000
0000
0000
0000
0000
0000
0000
0000
0000
0000
0000
0000
0000
0000
0000
0000
0000
0000
0000
0000
0000
0000
0000
0000
0000
0000
0000
0000
0000
0000
0000
0000
0000
0000
0000
0000
0000
0000
0000
0000
0000
0000
0000
0000
0000
0000
0000
0000
0000
0000
0000
0000
0000
0000
0000
0000
0000
0000
0000
0000
0000
0000
0000
0000
0000
0000
0000
0000
0000
0000
0000
0000
0000
0000
0000
0000
0000
0000
0000
0000
0000
0000
0000
0000
0000
0000
0000
0000
0000
0000
0000
0000
0000
0000
0000
0000
0000
0000
0000
0000
0000
0000
0000
0000
0000
0000
0000
0000
0000
0000
0000
0000
0000
0000
0000
0000
0000
0000
0000
0000
0000
0000
0000
0000
0000
0000
0000
0000
0000
0000
0000
0000
0000
0000
0000
0000
0000
0000
0000
0000
0000
0000
0000
0000
0000
0000
0000
0000
0000
0000
0000
0000
0000
0000
0000
0000
0000
0000
0000
0000
0000
0000
0000
0000
0000
0000
0000
0000
0000
0000
0000
0000
0000
0000
0000
0000
0000
0000
0000
0000
0000
0000
0000
0000
0000
0000
0000
0000
0000
0000
0000
0000
0000
0000
0000
0000
0000
0000
0000
0000
0000
0000
0000
0000
0000
0000
0000
0000
0000
0000
0000
0000
0000
0000
0000
0000
0000
0000
0000
0000
0000
0000
0000
0000
0000
0000
0000
0000
0000
0000
0000
0000
0000
0000
0000
0000
0000
0000
0000
0000
0000
0000
0000
0000
0000
0000
0000
0000
0000
0000
0000
0000
0000
0000
0000
0000
0000
0000
0000
0000
0000
0000
0000
0000
0000
0000
0000
0000
0000
0000
0000
0000
0000
0000
0000
0000
0000
0000
0000
0000
0000
0000
0000
0000
0000
0000
0000
0000
0000
0000
0000
0000
0000
0000
0000
0000
0000
0000
0000
0000
0000
0000
0000
0000
0000
0000
0000
0000
0000
0000
0000
0000
0000
0000
0000
0000
0000
0000
0000
0000
0000
0000
0000
0000
0000
0000
0000
0000
0000
0000
0000
0000
0000
0000
0000
0000
0000
0000
0000
0000
0000
0000
0000
0000
0000
0000
0000
0000
0000
0000
0000
0000
0000
0000
0000
0000
0000
0000
0000
0000
0000
0000
0000
0000
0000
0000
0000
0000
0000
0000
0000
0000
0000
0000
0000
0000
0000
0000
0000
0000
0000
0000
0000
0000
0000
0000
0000
0000
0000
0000
0000
0000
0000
0000
0000
0000
0000
0000
0000
0000
0000
0000
0000
0000
0000
0000
0000
0000
0000
0000
0000
0000
0000
0000
0000
0000
0000
0000
0000
0000
0000
0000
0000
0000
0000
0000
0000
0000
0000
0000
0000
0000
0000
0000
0000
0000
0000
0000
0000
0000
0000
0000
0000
0000
0000
0000
0000
0000
0000
0000
0000
0000
0000
0000
0000
0000
0000
0000
0000
0000
0000
0000
0000
0000
0000
0000
0000
0000
0000
0000
0000
0000
0000
0000
0000
0000
0000
0000
0000
0000
0000
0000
